1000
0000000000000000000000000000000000000000000000000000000000000000000000000000000000000000000000000000
0000000000000000000000000000000000000000000000000000000000000000000000000000000000000000000000000000
0000000000000001001010000000000000000000000000000000000000000000000000000000000000000000000000000000
0000000000000010100110000000000000000000000000000000000000000000000000000000000000000000000000000000
0000000000000101000100000000000000000000000000000000000000000000000000000000000000000000000000000000
0000000000001010000000000000000000000000000000000000000000000000000000000000000000000000000000000000
0000000000010100000000000000000000000000000000000000000000000000000000000000000000000000000000000000
0000000000101000000000000000000000000000000000000000000000000000000000000000000000000000000000000000
0000000001010000000000000000000000000000000000000000000000000000000000000000000000000000000000000000
0000011000100000000000000000000000000000000000000000000000000000000000000000000000000000000000000000
0000100100000000000000000000000000000000000000000000000000000000000000000000000000000000000000000000
0000011000000000000000000000000000000000000000000000000000000000000000000000000000000000000000000000
0000000001100000000000000000000000000000000000000000000000000000000000000000000000000000000000000000
0000000010010000000000000000000000000000000000000000000000000000000000000000000000000000000000000000
0000000001100000000000000000000000000000000000000000000000000000000000000000000000000000000000000000
0000000000000000000000000000000000000000000000000000000000000000000000000000000000000000000000000000
0000000000000000000000000000000000000000000000000000000000000000000000000000000000000000000000000000
0000000000000000000000000000000000000000000000000000000000000000000000000000000000000000000000000000
0000000000000000000000000000000000000000000000000000000000000000000000000000000000000000000000000000
0000000000000000000000000000000000000000000000000000000000000000000000000000000000000000000000000000
0000000000000000000000000000000000000000000000000000000000000000000000000000000000000000000000000000
0000000000000000000000000000000000000000000000000000000000000000000000000000000000000000000000000000
